[gd_scene load_steps=11 format=3 uid="uid://di73esvar3xe"]

[ext_resource type="Script" uid="uid://dyomlx8hqvdm7" path="res://scripts/CameraController.gd" id="1_2hooq"]
[ext_resource type="PackedScene" uid="uid://dsr3pfkkik2xh" path="res://nodes/track1.tscn" id="2_0t1ug"]
[ext_resource type="PackedScene" uid="uid://c2dkhoksmylrj" path="res://nodes/coche.tscn" id="2_37irm"]
[ext_resource type="PackedScene" uid="uid://ditvxpen7gc5s" path="res://nodes/ui.tscn" id="3_1b2o2"]
[ext_resource type="PackedScene" uid="uid://2vx5bybnf8m5" path="res://nodes/track2.tscn" id="3_kixnx"]
[ext_resource type="Script" uid="uid://cd0y82b3sl047" path="res://scripts/uiManager.gd" id="4_0roaj"]
[ext_resource type="PackedScene" uid="uid://bf3cxe1qeo8qr" path="res://nodes/cubo.tscn" id="5_o6xl0"]

[sub_resource type="PlaneMesh" id="PlaneMesh_gaggj"]
size = Vector2(15, 15)

[sub_resource type="StandardMaterial3D" id="StandardMaterial3D_aufre"]
albedo_color = Color(0.247059, 0.517647, 0.454902, 1)

[sub_resource type="WorldBoundaryShape3D" id="WorldBoundaryShape3D_e671y"]

[node name="Main" type="Node3D"]
script = ExtResource("1_2hooq")

[node name="track1" parent="." instance=ExtResource("2_0t1ug")]
transform = Transform3D(0.138897, 0, 0.990307, 0, 1, 0, -0.990307, 0, 0.138897, -21.6466, 0, 78.4491)

[node name="track2" parent="." instance=ExtResource("3_kixnx")]
transform = Transform3D(0.258819, 0, 0.965926, 0, 1, 0, -0.965926, 0, 0.258819, 0, -1.83138, -78.9328)

[node name="Camera3D1" type="Camera3D" parent="."]
transform = Transform3D(1, 0, 0, 0, 0.943864, 0.330333, 0, -0.330333, 0.943864, -2.46557, 9.13873, 9.63521)
current = true

[node name="DirectionalLight3D" type="DirectionalLight3D" parent="."]
transform = Transform3D(1, 0, 0, 0, 0.709878, 0.704325, 0, -0.704325, 0.709878, 0.250049, 4.37312, 4.69655)

[node name="Suelo" type="MeshInstance3D" parent="."]
transform = Transform3D(100.289, 0, 0, 0, 1.00289, 0, 0, 0, 100.289, 0, 0, 0)
mesh = SubResource("PlaneMesh_gaggj")
surface_material_override/0 = SubResource("StandardMaterial3D_aufre")

[node name="StaticBody3D" type="StaticBody3D" parent="Suelo"]

[node name="CollisionShape3D" type="CollisionShape3D" parent="Suelo/StaticBody3D"]
shape = SubResource("WorldBoundaryShape3D_e671y")

[node name="Coche" parent="." instance=ExtResource("2_37irm")]
transform = Transform3D(-0.0227048, 0, -0.999742, 0, 1, 0, 0.999742, 0, -0.0227048, 4, 2, 0)

[node name="Cubo" parent="." instance=ExtResource("5_o6xl0")]
transform = Transform3D(0.906212, 0.357951, 0.225055, 0.182264, 0.149574, -0.971806, -0.381522, 0.921682, 0.0703041, -8.02757, -24.3621, -111.752)

[node name="Control" parent="." instance=ExtResource("3_1b2o2")]
script = ExtResource("4_0roaj")

[node name="Cubo2" parent="." instance=ExtResource("5_o6xl0")]
transform = Transform3D(0.906212, 0.357951, 0.225055, 0.182264, 0.149574, -0.971806, -0.381522, 0.921682, 0.0703047, -107.209, 3.17761, -95.7094)

[node name="Cubo3" parent="." instance=ExtResource("5_o6xl0")]
transform = Transform3D(0.906212, 0.357951, 0.225055, 0.182264, 0.149574, -0.971806, -0.381522, 0.921682, 0.0703047, -166.967, 5.17916, -119.511)

[node name="Cubo4" parent="." instance=ExtResource("5_o6xl0")]
transform = Transform3D(0.906212, 0.357951, 0.225055, 0.182264, 0.149574, -0.971806, -0.381522, 0.921682, 0.0703047, -220.387, 5.9614, -137.281)

[node name="Cubo5" parent="." instance=ExtResource("5_o6xl0")]
transform = Transform3D(0.906212, 0.357951, 0.225055, 0.182264, 0.149574, -0.971806, -0.381522, 0.921682, 0.0703047, -329.765, 6.22355, -179.562)

[node name="Cubo6" parent="." instance=ExtResource("5_o6xl0")]
transform = Transform3D(0.906212, 0.357951, 0.225055, 0.182264, 0.149574, -0.971806, -0.381522, 0.921682, 0.0703047, -419.338, 11.0848, -305.117)

[node name="Cubo7" parent="." instance=ExtResource("5_o6xl0")]
transform = Transform3D(0.906212, 0.357951, 0.225055, 0.182264, 0.149574, -0.971806, -0.381522, 0.921682, 0.0703047, -209.083, 10.0369, -335.895)

[node name="Cubo8" parent="." instance=ExtResource("5_o6xl0")]
transform = Transform3D(0.906212, 0.357951, 0.225055, 0.182264, 0.149574, -0.971806, -0.381522, 0.921682, 0.0703047, -82.8417, 7.02984, -364.427)

[node name="Cubo9" parent="." instance=ExtResource("5_o6xl0")]
transform = Transform3D(0.906212, 0.357951, 0.225055, 0.182264, 0.149574, -0.971806, -0.381522, 0.921682, 0.0703047, 62.4704, 3.2195, -140.09)

[node name="Cubo10" parent="." instance=ExtResource("5_o6xl0")]
transform = Transform3D(0.906212, 0.357951, 0.225055, 0.182264, 0.149574, -0.971806, -0.381522, 0.921682, 0.0703047, 95.1172, 4.42734, -301.288)

[node name="Cubo11" parent="." instance=ExtResource("5_o6xl0")]
transform = Transform3D(0.906212, 0.357951, 0.225055, 0.182264, 0.149574, -0.971806, -0.381522, 0.921682, 0.0703047, -127.694, 30.1424, 17.947)

[node name="Cubo12" parent="." instance=ExtResource("5_o6xl0")]
transform = Transform3D(0.906212, 0.357951, 0.225055, 0.182264, 0.149574, -0.971806, -0.381522, 0.921682, 0.0703047, -30.291, 2.31236, 78.1329)

[node name="Cubo13" parent="." instance=ExtResource("5_o6xl0")]
transform = Transform3D(0.906212, 0.357951, 0.225055, 0.182264, 0.149574, -0.971806, -0.381522, 0.921682, 0.0703047, -28.418, 0.651822, -78.8794)

[node name="Cubo14" parent="." instance=ExtResource("5_o6xl0")]
transform = Transform3D(0.906212, 0.357951, 0.225055, 0.182264, 0.149574, -0.971806, -0.381522, 0.921682, 0.0703047, 143.096, 8.63745, 31.9209)

[node name="Cubo15" parent="." instance=ExtResource("5_o6xl0")]
transform = Transform3D(0.906212, 0.357951, 0.225055, 0.182264, 0.149574, -0.971806, -0.381522, 0.921682, 0.0703047, -193.89, 37.3017, -26.9334)

[node name="Cubo16" parent="." instance=ExtResource("5_o6xl0")]
transform = Transform3D(0.906212, 0.357951, 0.225055, 0.182264, 0.149574, -0.971806, -0.381522, 0.921682, 0.0703047, -274.064, 46.4028, -52.8158)
